121
563
367
122
315
179
366
314
342
873
329
500
246
485
401
691
325
60
975
795
613
726
419
575
637
351
643
546
857
370
959
66
711
253
191
617
132
758
727
407
977
773
830
835
184
244
538
445
223
537
69
295
124
528
258
774
195
513
423
391
606
400
8
879
949
622
981
55
627
992
553
453
616
841
89
217
914
619
34
870
14
777
294
65
629
318
610
62
685
406
739
517
202
986
582
67
416
104
380
737
317
688
479
714
81
746
54
303
621
48
572
286
170
826
599
85
434
756
206
840
20
515
820
276
159
702
596
16
288
18
744
814
707
405
514
174
185
593
176
705
499
576
983
712
674
748
274
943
22
825
93
886
493
944
915
923
844
952
200
322
425
333
652
534
142
531
30
918
139
523
58
304
524
465
47
899
221
530
355
279
371
260
888
793
934
507
837
80
689
156
310
119
970
743
624
235
204
519
875
146
53
908
320
775
721
427
13
646
110
945
660
984
140
467
592
61
397
477
662
137
86
150
544
164
175
529
243
583
435
387
718
207
871
21
369
715
719
450
74
306
262
492
332
63
803
972
402
834
442
94
51
82
768
390
755
70
181
860
155
134
178
261
359
408
106
26
233
101
782
615
444
533
250
123
543
670
6
209
745
710
193
867
11
654
197
858
457
863
360
657
967
676
350
511
446
927
240
166
290
973
639
802
378
480
309
38
633
169
344
49
172
326
603
234
558
561
368
991
677
784
281
23
885
976
570
205
836
783
757
37
252
658
847
556
31
269
607
255
275
635
455
595
920
421
716
962
568
194
242
996
136
316
788
158
761
995
732
116
656
900
5
97
364
271
312
141
655
99
483
466
471
456
968
339
682
496
552
647
545
982
199
993
620
738
728
644
766
799
601
393
648
963
1
35
997
418
323
468
759
548
709
458
584
227
292
111
412
752
190
618
293
966
872
693
488
623
452
432
917
902
187
535
125
850
854
591
520
919
353
375
910
409
215
299
557
722
127
356
998
550
32
107
948
581
27
990
503
46
133
672
819
138
725
508
448
504
484
838
786
73
549
203
947
769
264
249
880
753
236
651
79
566
343
874
307
924
126
845
108
612
697
521
987
664
440
649
754
163
532
790
313
979
562
490
625
522
379
668
687
505
214
839
424
